6,4,0,0 12000
8,4,1,0 12000
10,8,0,0 11500
13.6,3,1,0 30000
7,9,1,1 12000
8,5,0,0 16800
15,6,0,0 18500
13.5,6,1,0 22000
5,3,1,0 16000
6,4,0,0 33000
13,3,1,0 25000
5,1,0,0 11500
8.69,7,0,1 17000
10,2,1,0 20000
15,-1,0,0 15500
12,5,1,0 18500
10,14,1,0 28800
7,4,0,0 14000
8,5,1,0 16000
9.5,7,1,0 17500
10,2,0,0 15000
9.48,4,1,0 17500
12,5,1,0 32999
10,2,1,1 16000
6,3,0,0 14000
4,2,0,0 9000
10,6,1,0 24000
10,7,1,0 15000
12,5,1,1 18800
7,-1,0,1 12000
18,9,1,0 21500
11.28,4,1,0 15000
11.7,6,1,0 23000
15,4,1,0 16000
4.6,4,0,0 8000
11.83,2,1,0 28000
18,2,1,0 26000
8,5,1,0 24000
8,4,0,0 16000
8.6,3,0,0 12000
7.9,7,1,1 16000
6.1,4,0,0 8900
20,13,1,1 11000
10,7,0,0 20000
11,4,1,0 22000
7.19,11,1,1 13000
7,3,0,0 16999
13,3,1,1 14500
9,3,1,1 15000
12,6,1,0 23000
8,3,0,0 14800
8,4,1,0 13000
4,3,0,0 10000
10,6,1,0 17000
8,3,0,0 18000
16.29,2,1,0 17000
11,4,0,0 13500
8,1,0,0 13000
17,2,1,0 25000
10,12,1,0 19000
13.72,4,1,0 21000
8,10,1,0 16000
4.5,2,0,0 9900
7.6,2,1,1 14400
14.2,5,1,1 28500
13.2,3,1,1 21000
16.65,6,1,0 30000
5,3,0,0 13500
21,3,1,0 30000
14,6,1,0 22000
9.5,3,0,0 13000
16,7,1,0 25000
19.47,8,1,1 28500
10,5,1,0 22000
8.56,2,1,0 13500
8,2,0,0 11000
13.38,12,1,0 28000
7.5,2,0,0 15000
6,5,0,0 9000
8,2,0,1 14800
7,5,0,0 10000
19,10,1,0 27000
8,5,1,0 15000
8,2,0,0 13500
9.3,13,0,0 22000
16,7,1,1 22000
7.9,7,1,1 16000
5,3,0,0 18000
10.3,11,0,0 14000
7,1,0,0 12000
8.24,4,1,0 19000
5,3,0,0 15000
16,2,1,0 28000
5.2,4,1,0 12500
7,3,1,0 11800
10,5,0,0 16000
8,9,1,0 20000
9,10,1,0 22800
10.29,4,1,0 22000
9,5,1,0 20000
10,-1,0,0 14000
8,3,1,0 15500
14,3,1,0 22999
12.2,6,1,1 24999
9,3,0,0 17000
10.18,11,1,0 18900
8,-1,1,0 23000
8,5,1,0 16800
11.54,10,1,1 19500
12.82,9,1,0 23000
11.54,10,1,1 19500
10,10,1,0 15000
13,9,1,0 26000
10,3,1,0 17000
8.5,6,1,1 14999
7,10,1,1 12000
10.3,8,1,0 21989
8,4,1,1 15000
12,6,1,1 18000
10.02,11,1,0 17800
10.02,11,1,0 17800
8.43,7,1,0 14000
18.77,9,1,1 20000
10,3,0,0 9500
13,2,1,0 25800
8,2,0,0 15500
8.5,6,1,1 14999
8.5,6,1,1 14999
8.5,6,1,1 14999
7.5,2,1,1 14999
8.5,3,1,1 14999
8.5,3,1,1 14999
22.23,8,1,1 29800
11.12,8,1,1 16600
10.5,8,1,1 16800
10.5,10,1,1 17800
11.12,10,1,1 16500
10,9,1,1 17900
12,10,1,1 15000
11,3,1,1 16800
11,10,1,1 16700
7,12,1,1 14800
8.61,13,1,1 13000
12.82,9,1,0 23000
18.77,9,1,1 20000
9.26,3,1,0 17500
8.41,5,0,0 13500
8.41,5,0,0 13500
8,5,1,1 17000
17.52,4,1,1 19000
14,5,1,0 21000
12,9,1,1 18000
9,8,1,1 12000
9,4,1,0 14999
13,2,1,0 26800
7,7,1,1 15000
10,3,1,0 18000
9,4,1,0 11000
8,4,1,0 11000
6,3,1,1 13500
9,6,1,1 15500
8.5,2,1,1 14999
9,-1,1,1 11999
7.5,2,1,1 14999
8.5,6,1,1 14999
8,8,0,0 13000
8,2,1,0 15499
9,2,1,1 13488
10.18,10,1,0 18899
6,2,1,0 8999
14.67,10,1,1 21999
8.2,4,1,1 19999
13,9,1,1 22988
9,2,1,1 14999
7.5,8,1,1 12499
10.87,3,1,0 16000
9,5,0,0 9000
8,10,1,1 14988
11,10,1,1 19500
15.39,3,1,0 23999
11,4,1,0 15000
7.6,2,1,1 15500
8,5,1,1 9999
7.6,2,1,1 15333
6,11,1,0 13000
12,3,1,1 15300
11,6,1,0 16000
15,2,1,0 26000
10,4,1,0 14000
10.97,3,1,0 20000
11.28,4,1,0 15000
6,12,0,0 13500
18.77,9,1,1 19999
8.82,10,1,0 16500
6,4,0,0 8500
7,3,0,0 14000
12,2,0,0 26000
9.48,4,1,0 17500
16.11,11,1,0 25000
7,-1,0,0 13200
15.39,3,0,0 24000
9,1,1,0 15000
7.09,9,1,0 20999
6,3,0,0 11500
10,6,0,0 13000
6,5,0,0 13000
6,3,1,1 8000
8.43,7,1,0 14000
16.2,3,1,0 31000
10.02,11,1,0 17800
18.77,9,1,1 20000
8.033,3,1,0 20000
6,5,0,0 8500
6,5,0,0 10500
10,5,0,0 11000
8,6,1,1 16500
7,2,1,1 13000
9,2,1,1 13500
6,4,1,0 10500
18.77,9,1,0 20000
10,10,1,0 19000
10,10,1,0 20000
10.02,11,1,0 17800
8,7,1,0 15500
10.27,8,1,0 22000
13,3,1,0 23000
8,2,1,1 12988
8,3,1,1 14988
14.67,10,1,1 21999
8,10,1,1 18988
8,5,1,1 15999
10.18,11,1,1 18799
9,1,1,1 17999
8,3,1,1 12788
10,6,1,1 16999
8,3,1,1 15988
7,3,1,0 15000
6.6,5,1,0 15000
6,2,1,0 10000
10.18,11,1,0 18900
8,2,1,0 15500
7,3,1,0 14000
11.54,10,1,1 19500
6,7,1,0 14000
9,7,1,0 15000
9,7,1,0 15000
9,2,1,1 15000
13.08,6,1,1 23000
11.28,4,1,0 15000
9.71,4,1,0 15000
18.31,7,1,0 45000
8.83,4,1,0 18500
10.97,3,1,1 20000
10.83,8,1,0 22000
12.82,9,1,1 23000
10.18,11,1,0 18900
11,9,1,1 19999
15.23,2,1,0 26000
8.83,4,1,0 18500
8.24,4,1,1 20000
13,9,1,1 23000
13.4,7,1,0 26000
26.14,2,1,0 37500
11.2,9,1,0 32000
8.18,7,1,0 15000
8,2,1,1 19999
12.88,4,1,1 26600
13.11,6,0,1 15000
10.28,9,1,0 23000
23.71,3,1,0 38000
6,5,0,0 10000
18.56,3,1,0 35000
14.67,10,1,0 22000
8,5,1,0 16000
10,6,1,0 16800
8,4,1,0 16800
14.5,18,1,0 28000
6,-1,1,0 22000
16.11,14,1,0 24000
16.25,3,1,0 31000
12,14,1,0 23500
12,14,1,0 23500
10.28,8,1,0 21000
12.77,4,0,0 21000
13.72,4,1,0 21000
14,3,1,0 23000
6,2,0,0 9200
5,3,0,0 8500
12,5,1,0 16000
11.45,3,0,0 14500
7,11,0,0 14000
8,3,1,0 13499
5,4,1,1 8999
8,5,1,1 15999
22,-1,1,0 14999
7,1,1,0 14999
10.18,11,1,0 18999
8,2,1,0 15488
8,2,1,0 13499
9,10,0,0 18999
8,2,1,0 13499
9,10,0,0 18999
7,2,1,0 19999
10,6,1,0 15999
9,3,1,0 16999
10,3,1,0 14988
7,3,1,0 14999
8,3,1,1 13988
12.7,14,1,1 29999
9,6,1,1 15499
9.15,4,1,0 17500
9.5,3,1,1 15499
9,4,1,1 15499
8,2,1,0 19999
15.191,10,1,0 28800
6,4,0,0 12000
8,2,1,0 20000
5,4,1,1 8999
4,2,1,1 9888
10,3,1,1 12999
7,3,1,1 13988
10,2,1,1 13488
8,2,1,1 15488
18.8,9,1,1 19988
9,2,1,1 14988
16.11,11,1,0 25000
6,2,1,1 11988
8,3,1,1 13988
6,3,1,1 12488
15.39,3,1,0 23999
8.8,9,1,1 16999
8.24,4,1,1 18999
12.82,9,1,1 22999
8,3,1,1 14988
11.54,10,1,1 18488
8,3,1,1 15488
7,1,1,1 14999
8.8,4,1,0 18500
8.84,4,1,0 18500
10.28,9,1,0 23000
19.47,8,1,1 28500
6,8,0,0 12500
8,2,1,1 11000
12.2,6,1,1 24999
16,3,1,0 31000
10,3,0,0 13800
12.2,6,1,0 24999
15,8,1,1 22000
7,8,0,0 12500
9,8,0,0 14500
5.5,1,0,0 9000
16.24,3,1,0 31000
7,6,0,0 13000
11,8,0,0 15000
5,2,0,0 9000
15,2,1,0 29999
15,9,1,1 19800
6,5,0,0 14500
14.26,7,1,0 28000
6,4,1,0 12000
6,5,0,0 14500
14.26,7,1,0 28000
6,4,1,0 12000
6,4,0,0 12000
15.39,3,1,0 23999
12.2,6,1,1 24999
13.5,6,1,0 20000
8,2,0,0 13800
5,4,0,0 8800
10,10,0,0 19000
7,4,1,0 14000
16.24,3,1,0 31000
10,3,0,0 20000
8,3,0,0 13000
9,3,1,0 31000
10.28,9,1,0 22000
10.97,3,1,1 20000
12,13,0,0 16700
11.79,1,1,1 25000
14.71,-1,1,1 23000
8.24,4,1,1 20000
11.5,3,0,0 18000
8.24,4,1,1 18998
5,5,0,0 8500
9.47,6,1,0 21000
5,5,0,0 8500
10.02,11,1,0 17800
18.77,9,1,1 20000
13.2,4,1,1 13000
8,2,0,0 13000
8,2,0,0 13000
6,3,1,0 9000
7,2,0,0 12000
15,5,1,1 15000
14,6,1,0 22000
5,2,1,0 11000
11.54,10,1,1 18488
14.25,10,1,0 25000
10.02,11,1,0 17800
18.77,9,1,1 20000
8.43,7,1,0 14000
7,7,0,0 20000
14,6,0,0 17500
9,-1,0,0 11500
13.13,5,1,0 29000
15.6,10,1,0 30000
14,17,1,0 35000
7.64,4,1,0 22500
10.62,7,1,0 15000
13.25,2,1,0 26000
9,4,1,0 15500
13,9,1,0 21500
16.25,3,1,0 31000
22,2,1,0 33000
13,-1,0,0 13000
8,2,1,1 9999
7,5,1,1 8999
12,5,1,1 16000
6,2,1,0 7500
7,4,1,0 11000
6,2,1,0 7500
7,4,1,0 11000
18.77,9,1,1 19999
9,4,1,1 14999
7.5,2,1,1 19999
9,2,0,1 13500
8,4,0,0 12000
14.58,8,1,0 20000
7,3,0,0 20000
16.24,3,1,0 31000
6,4,0,0 8500
14.4,5,1,1 29000
8.43,7,1,0 14000
6.45,3,0,0 11000
8.04,9,0,0 16000
14.93,9,1,0 23000
7.5,2,1,1 14999
9,-1,1,1 11999
8.5,6,1,1 14999
9,5,1,1 14000
10,10,0,0 22000
12,9,1,0 23000
10,8,1,1 17000
8,4,0,0 10000
13.08,14,1,0 23500
15.39,3,1,0 23999
14.25,10,1,0 25000
6.6,5,1,0 15000
14.25,7,1,0 30000
9.85,3,1,0 23000
6.6,5,1,0 15000
14.8,14,1,0 25000
6.6,5,1,0 15000
12.2,6,1,1 25999
8.5,6,1,1 14999
7.5,2,1,1 14999
14.5,5,1,0 26500
16.11,11,1,0 24999
16.11,11,1,0 25000
10.29,4,1,0 22000
8,4,1,0 15500
11,5,0,0 18000
12.8,2,0,0 15000
16,3,1,0 31000
16.11,11,1,0 25000
13,9,1,0 23000
16.27,5,1,0 38000
15.39,3,1,0 24000
10.29,8,1,0 20999
11.96,9,1,0 20000
8,3,1,1 12500
7.5,8,1,1 12500
8,2,1,1 13500
19.47,8,1,0 28499
10.5,3,1,0 14800
8.5,6,1,1 14999
7,5,1,1 13000
8,3,1,0 14800
7.5,2,1,1 19998
13.08,14,1,0 23500
11.2,9,1,0 32000
9.48,4,1,0 17500
19.47,8,1,0 28500
9.26,3,1,1 19000
8.76,8,1,1 11500
9,4,0,1 24800
6.86,10,0,0 12800
8.16,2,1,0 13000
15.39,3,1,0 22999
15.39,3,1,0 23999
10.5,3,1,1 18000
8,2,1,0 15488
7,1,1,1 14999
9,1,1,1 17999
10,10,1,1 19999
7,2,1,1 19999
15.02,7,1,1 28999
5,2,1,1 9888
8,3,1,1 13999
10,6,1,1 15999
8.24,4,1,1 18998
18.8,9,1,1 19999
10.18,11,1,0 18900
8,5,1,1 15999
8,3,1,1 15500
8,4,1,1 11988
6,4,1,1 8988
10.28,9,1,1 22988
13.08,6,1,1 23000
12.4,2,1,0 16500
9,-1,1,1 11999
5,3,0,0 12500
5,3,0,0 12500
12,12,0,1 18500
8.82,10,1,0 16499
11.88,5,1,0 21999
7.5,2,1,1 14999
8.5,6,1,1 14999
9,-1,1,1 11999
8.8,9,1,0 17000
12.8,2,1,0 15000
8,3,0,0 14000
11,4,0,0 15000
7,4,1,0 16000
10.18,11,1,0 18900
14.67,10,1,1 21999
10.28,9,1,0 23000
8.84,4,1,0 18500
12.76,10,1,0 21800
8,11,1,0 25000
23.42,6,1,0 64000
10,4,1,0 22000
9,3,0,0 15000
12.2,6,1,1 24999
10,2,0,0 15000
12,13,0,0 15000
8,2,0,0 12500
10,6,1,0 15998
14.69,10,1,0 21998
13,14,1,0 23500
11.68,6,1,0 20000
9,3,1,0 20000
10.8,8,0,0 21999
15,5,0,0 15500
8,3,0,0 13000
9,3,0,1 15500
13.08,14,1,0 25000
5,3,0,0 12500
5,3,0,0 12500
5,3,0,0 12500
9.47,6,1,0 21000
10.47,7,1,0 17000
17.54,4,1,0 25000
15,4,1,0 25000
11,8,0,0 22000
8,2,0,0 9000
13,3,1,0 22000
10,10,1,0 20000
17,3,1,0 31000
8,4,0,0 13500
14,4,1,1 16500
12.72,8,1,1 22000
8,10,0,0 16000
12,6,1,1 18000
8,5,1,1 15000
12,6,1,1 18000
12,6,1,1 18000
8,5,1,1 15000
10,3,1,1 18000
15,4,1,0 16000
5,6,1,1 8500
5,6,1,1 9000
5,3,1,1 10500
7,5,1,1 13000
10.26,8,1,0 21990
10,3,1,1 15300
10,4,0,0 21500
13.76,3,1,0 23000
12,6,1,1 18000
12,6,1,1 18000
8,4,1,1 15000
8,4,1,1 15000
13,4,1,0 23000
16,3,1,0 31000
15.39,3,1,1 24000
10,2,1,0 22000
13,14,1,0 25000
10,10,0,0 19000
16.75,3,1,0 33000
11.2,9,1,0 32000
19.47,8,1,0 28500
9,2,0,0 19500
10,3,1,0 20000
10.05,7,1,0 23800
13.08,14,1,0 23500
16.08,3,1,0 31000
20.29,7,1,0 38000
11,5,1,0 19000
12,9,0,0 19900
14.36,12,1,0 30888
12,4,1,0 16500
13.65,4,1,0 18000
10.3,8,1,0 21999
9.6,6,1,1 17000
8,3,0,0 24000
12,4,1,1 12000
8.4,10,1,0 25000
10,5,1,1 15000
8,1,1,1 13999
13,9,0,0 23000
10,1,1,0 19800
13.13,10,1,0 29000
15.23,2,1,1 25999
9,4,1,0 15999
9,9,1,1 18500
8.18,7,1,1 14999
15,4,1,0 21000
8,6,1,0 18800
14.8,2,1,0 15000
8,1,0,0 9500
6,2,0,0 9500
8,12,1,0 19500
6,9,0,0 9000
8,3,0,0 12500
16.24,3,1,0 31000
10,4,0,0 13500
10.28,12,1,1 23000
6,2,1,0 11000
7.54,7,0,0 17000
13.08,11,1,0 23000
13.08,12,1,0 24000
8.82,10,1,0 16500
10.89,4,1,0 19000
5,1,0,0 8000
7.096,11,1,0 25000
12,3,0,0 16000
7,4,1,1 14000
11,3,1,1 14500
4.5,3,0,0 8000
12,6,1,0 20000
7,-1,1,1 10500
12,7,0,0 14000
8,5,1,0 15000
4,3,0,0 12500
6,4,1,1 9500
12,14,1,0 19500
12.4,4,1,0 23000
15.77,7,1,0 23500
10,3,1,0 14000
8,2,0,0 12500
5,3,1,1 10500
7,5,0,0 14000
5,-1,0,0 10000
12.36,8,1,0 23000
9.25,8,1,0 14000
9.47,6,1,1 17000
10.25,2,1,0 17000
11.27,2,1,0 22000
15,5,0,0 15500
16,3,1,0 23000
10.29,6,1,0 21500
6,2,0,0 11000
18.56,3,1,1 32000
6,7,0,0 14000
6,1,1,0 10000
8,4,1,1 30000
16.34,7,1,0 28000
13.08,6,1,0 24000
10,3,1,0 17000
10,3,1,0 18000
6.7,2,1,0 13000
14.69,10,1,0 22000
13.25,2,1,0 26000
12.9,5,0,0 30000
10,8,1,1 27000
10,-1,0,0 8000
10,5,1,1 13800
17,9,1,0 20000
15,7,0,1 21000
13,3,1,1 21000
7,4,0,0 26000
6,5,0,0 10000
7,3,0,0 10000
11.55,4,1,0 23000
5,-1,0,0 19000
18,-1,0,0 22000
15,9,1,0 25000
12,1,0,0 10500
10.29,6,1,0 21500
